45685
45687
45713
45715
45741
45743
45769
45771
45797
45799
45825
45827
45853
45855
45881
45883
45909
45911
54274
54276
54281
54283
54288
54290
54295
54297
54302
54304
54309
54311
54316
54318
54323
54325
54330
54332
54337
54339
54344
54346
54351
54353
54358
54360
54365
54367
54372
54374
54379
54381
54386
54388
54393
54395
54400
54402
54407
54409
54414
54416
54421
54423
54428
54430
54435
54437
54442
54444
54449
54451
54456
54458
54463
54465
54470
54472
54477
54479
54484
54486
54491
54493
54498
54500
54505
54507
54512
54514
54519
54521
55751
55753
55758
55760
55765
55767
55772
55772
55774
55774
55779
55781
55786
55788
55793
55795
55800
55800
55802
55802
55807
55809
55814
55816
55821
55823
55828
55828
55830
55830
55835
55837
55842
55844
55849
55851
55856
55856
55858
55858
55863
55865
55870
55872
55877
55877
55879
55879
55884
55884
55886
55886
55891
55893
55898
55898
55900
55900
55905
55905
55907
55907
55912
55912
55914
55914
55919
55921
55926
55926
55928
55928
55933
55933
55935
55935
55940
55940
55942
55942
55947
55949
55954
55954
55956
55956
55961
55961
55963
55963
55968
55968
55970
55970
55975
55977
55982
55982
55984
55984
55989
55989
55991
55991
55996
55996
55998
55998
56192
56194
56199
56201
56206
56208
56213
56215
56220
56222
56227
56229
56234
56236
56241
56243
56248
56250
56255
56257
56262
56264
56269
56271
56276
56278
56283
56285
56290
56292
56297
56299
56304
56306
56311
56313
56318
56320
56325
56327
56332
56334
56339
56341
56346
56348
56353
56355
56360
56362
56367
56369
56374
56376
56381
56383
56388
56390
56395
56397
56402
56404
56409
56411
56416
56418
56423
56425
56430
56432
56437
56439
56444
56446
56451
56453
56458
56460
56465
56467
56472
56474
56479
56481
56486
56488
56493
56495
56500
56502
56507
56509
56514
56516
56521
56523
56528
56530
56535
56537
56542
56544
56549
56551
56556
56558
56563
56565
56570
56572
56577
56579
56584
56586
56591
56593
56598
56600
56605
56607
56612
56614
56619
56621
56626
56628
56633
56635
56640
56642
56647
56649
56654
56656
56661
56663
56668
56670
56675
56677
56682
56684
56689
56691
56699
56701
56706
56708
56713
56715
56720
56720
56722
56722
56727
56729
56734
56736
56741
56743
56748
56748
56750
56750
56755
56757
56762
56764
56769
56771
56776
56776
56778
56778
56783
56785
56790
56792
56797
56799
56804
56804
56806
56806
56811
56813
56818
56820
56825
56827
56832
56832
56834
56834
56839
56841
56846
56848
56853
56855
56860
56860
56862
56862
56867
56869
56874
56876
56881
56883
56888
56888
56890
56890
56895
56897
56902
56904
56909
56911
56916
56916
56918
56918
56923
56925
56930
56932
56937
56939
56944
56944
56946
56946
57362
57364
57369
57371
57376
57378
57383
57385
57390
57392
57397
57399
57404
57406
57411
57413
57418
57420
57425
57427
57432
57434
57439
57441
57446
57448
57453
57455
57460
57462
57467
57469
57474
57476
57481
57483
57488
57490
57495
57497
57502
57504
57509
57511
57516
57518
57523
57525
57530
57532
57537
57539
57544
57546
57551
57553
57558
57560
57565
57567
57572
57574
57579
57581
57586
57588
57593
57595
57600
57602
57607
57609
57614
57616
57621
57623
57628
57630
57635
57637
57642
57644
57649
57651
57656
57658
57663
57665
57670
57672
57677
57679
57684
57686
57691
57693
57698
57700
57705
57707
57712
57714
57719
57721
57726
57728
57733
57735
57740
57742
57747
57749
57754
57756
57761
57763
57768
57770
57775
57777
57782
57784
57789
57791
57796
57798
57803
57805
57810
57812
57817
57819
57824
57826
57831
57833
57838
57840
57845
57847
57852
57854
57859
57861
57866
57868
57873
57875
57880
57882
57887
57889
57894
57896
57901
57903
57908
57910
57915
57917
57922
57924
57929
57931
57936
57938
57943
57945
57950
57952
57957
57959
57964
57966
57971
57973
57978
57980
57985
57987
57992
57994
57999
58001
58006
58008
58013
58015
58020
58022
58027
58029
58034
58036
58041
58043
58048
58050
58055
58057
58062
58064
58069
58071
58076
58078
58083
58085
58090
58092
58097
58099
58104
58106
58111
58113
58118
58120
58125
58127
58132
58134
58139
58141
58146
58148
58153
58155
58160
58162
58167
58169
58174
58176
58181
58183
58188
58190
58195
58197
58202
58204
58209
58211
58216
58218
58223
58225
58230
58232
58237
58239
58244
58246
58251
58253
58258
58260
58265
58267
58272
58274
58279
58281
58286
58288
58293
58295
58300
58302
58307
58309
58314
58316
58321
58323
58328
58330
58335
58337
58342
58344
58349
58351
58356
58358
58363
58365
58874
58876
58881
58883
58888
58890
58895
58897
58902
58904
58909
58911
58916
58918
58923
58925
58930
58932
58937
58939
58944
58946
58951
58953
58958
58960
58965
58967
58972
58974
58979
58981
58986
58988
58993
58995
59000
59002
59007
59009
59014
59016
59021
59023
59028
59030
59035
59037
59042
59044
59049
59051
59056
59058
59063
59065
59070
59072
59077
59079
59084
59086
59091
59093
59098
59100
59105
59107
59112
59114
59119
59121
59152
59154
59159
59161
59166
59168
59173
59175
59180
59182
59187
59189
59194
59196
59201
59203
59208
59210
59215
59217
59222
59224
59229
59231
59236
59238
59243
59245
59250
59252
59257
59259
59264
59266
59271
59273
59278
59280
59285
59287
59292
59294
59299
59301
59306
59308
59313
59315
59320
59322
59327
59329
59334
59336
59341
59343
59348
59350
59355
59357
59362
59364
59369
59371
59376
59378
59383
59385
59390
59392
59397
59399
60336
60338
60343
60345
60350
60352
60357
60359
60364
60366
60371
60373
60378
60380
60385
60387
60392
60394
60399
60401
60406
60408
60413
60415
60420
60422
60427
60429
60434
60436
60441
60443
60448
60450
60455
60457
60462
60464
60469
60471
60476
60478
60483
60485
60490
60492
60497
60499
60504
60506
60511
60513
60518
60520
60525
60527
60532
60534
60539
60541
60546
60548
60553
60555
60560
60562
60567
60569
60574
60576
60581
60583
60588
60590
60595
60597
60602
60604
60609
60611
60616
60618
60623
60625
60630
60632
60637
60639
60644
60646
60651
60653
60658
60660
60665
60667
60672
60674
60679
60681
60686
60688
60693
60695
60700
60702
60707
60709
60714
60716
60721
60723
60728
60730
60735
60737
60742
60744
60749
60751
60756
60758
60763
60765
60770
60772
60777
60779
60784
60786
60791
60793
60798
60800
60805
60807
60812
60814
60819
60821
60826
60828
60833
60835
