420293
420293
420203
420203
420227
420203
420203
420227
420203
420203
420227
420203
42024B
42026F
42024B
420203
420227
420203
42024B
42026F
42024B
42024B
42026F
42024B
420203
420227
420203
42024B
42026F
42024B
420203
420227
420203
420203
420227
420203
420203
420227
420203
420203
420227
420203
420203
420227
420203
420203
420227
420203
420203
420227
420203
420203
420227
420203
420203
420227
420203
420203
420227
420203
42024B
42026F
42024B
420203
420227
420203
420203
420227
420203
42024B
42026F
42024B
42024B
42026F
42024B
4202DB
4202DB
42024B
420203
420227
420203
420203
420227
420203
420203
420227
420203
42024B
42026F
42024B
420203
420227
420203
42024B
42026F
42024B
42024B
42026F
42024B
420203
420227
420203
42024B
42026F
42024B
420203
420227
420203
420203
420227
420203
420203
420227
420203
420203
420227
420203
420203
420227
420203
420203
420227
420203
420203
420227
420203
420203
420227
420203
420203
420227
420203
420203
420227
420203
42024B
42026F
42024B
420203
420227
420203
420203
420227
420203
42024B
42026F
42024B
420203
420227
420203
420293
420293
420203
420203
420227
420203
420203
420227
420203
420203
420227
420203
420203
420227
420203
420203
420227
420203
420203
420227
420203
42024B
42026F
42024B
420203
420227
420203
420203
420227
420203
420203
420227
420203
420203
420227
420203
420203
420227
420203
420203
420227
420203
420203
420227
420203
420203
420227
420203
420203
420227
420203
420203
420227
420203
420203
420227
420203
420203
420227
420203
420203
420227
420203
42024B
42026F
42024B
420203
420227
420203
420203
420227
420203
420203
420227
420203
420293
420293
420203
420203
420227
420203
420203
420227
420203
420203
420227
420203
420203
420227
420203
420203
420227
420203
420203
420227
420203
420203
420227
420203
420203
420227
420203
420203
420227
420203
420203
420227
420203
420203
420227
420203
420203
420227
420203
420203
420227
420203
42024B
42026F
42024B
420203
420227
420203
420243
420267
420243
420203
420227
420203
420203
420227
420203
420203
420227
420203
420203
420227
420203
420203
420227
420203
420203
420227
420203
420203
420227
420203
42024B
42026F
42024B
4202DB

