#
# Antenna configuration for the calibration algorithm
#

#
# Antenna positions
#
# Dimensions: 96 antennas x 2 polarizations x 3 (x,y,z)
#

#
# Low Band antennas
#
LBA_POSITIONS=96 x 2 x 3 [ 0.0 0 0  0.0 0 0    3.0 0 0 3.0 0 0    6.48 0 0  6.48 0 0    11.7552 0 0  11.7552 0 0    18.0476 0 0   18.0476 0 0    26.0997 0 0   26.0997 0 0    36.4076 0 0   36.4076 0 0    49.6018 0 0   49.6018 0 0   0 0 0  0 0 0 0 0 0  0 0 0 0 0 0  0 0 0 0 0 0  0 0 0 0 0 0  0 0 0 0 0 0  0 0 0 0 0 0  0 0 0 0 0 0  0 0 0 0 0 0  0 0 0 0 0 0  0 0 0 0 0 0  0 0 0 0 0 0  0 0 0 0 0 0  0 0 0 0 0 0  0 0 0 0 0 0  0 0 0 0 0 0  0 0 0 0 0 0  0 0 0 0 0 0  0 0 0 0 0 0  0 0 0 0 0 0  0 0 0 0 0 0  0 0 0 0 0 0  0 0 0 0 0 0  0 0 0 0 0 0  0 0 0 0 0 0  0 0 0 0 0 0  0 0 0 0 0 0  0 0 0 0 0 0  0 0 0 0 0 0  0 0 0 0 0 0  0 0 0 0 0 0  0 0 0 0 0 0  0 0 0 0 0 0  0 0 0 0 0 0  0 0 0 0 0 0  0 0 0 0 0 0  0 0 0 0 0 0  0 0 0 0 0 0  0 0 0 0 0 0  0 0 0 0 0 0  0 0 0 0 0 0  0 0 0  0 0 0 0 0 0  0 0 0 0 0 0  0 0 0 0 0 0  0 0 0 0 0 0  0 0 0 0 0 0  0 0 0 0 0 0  0 0 0 0 0 0  0 0 0 0 0 0  0 0 0 0 0 0  0 0 0 0 0 0  0 0 0 0 0 0  0 0 0 0 0 0  0 0 0 0 0 0  0 0 0 0 0 0  0 0 0 0 0 0  0 0 0 0 0 0  0 0 0 0 0 0  0 0 0 0 0 0  0 0 0 0 0 0  0 0 0 0 0 0  0 0 0 0 0 0  0 0 0 0 0 0  0 0 0 0 0 0  0 0 0 0 0 0  0 0 0 0 0 0  0 0 0 0 0 0  0 0 0 0 0 0  0 0 0 0 0 0  0 0 0 0 0 0  0 0 0 0 0 0  0 0 0 0 0 0  0 0 0 0 0 0  0 0 0 0 0 0  0 0 0 0 0 0  0 0 0 0 0 0  0 0 0 0 0 0  0 0 0 0 0 0  0 0 0 0 0 0  0 0 0 0 0 0  0 0 0 0 0 0  0 0 0 0 0 0  0 0 0 0 0 0  0 0 0 0 0 0  0 0 0 0 0 0  0 0 0 0 0 0  0 0 0 0 0 0  0 0 0 0 0 0  ]

#
# High Band antennas
#
HBA_POSITIONS=96 x 2 x 3 [ 0.0 0 0  0.0 0 0    1.25 0 0   1.25 0 0    3.0178 0 0   3.0178 0 0    5.5178 0 0    5.5178 0 0    9.0533 0 0   9.0533 0 0    14.0533 0 0   14.0533 0 0    21.1244 0 0    21.1244 0 0    31.1244 0 0  31.1244 0 0 0 0 0  0 0 0 0 0 0  0 0 0 0 0 0  0 0 0 0 0 0  0 0 0 0 0 0  0 0 0 0 0 0  0 0 0 0 0 0  0 0 0 0 0 0  0 0 0 0 0 0  0 0 0 0 0 0  0 0 0 0 0 0  0 0 0 0 0 0  0 0 0 0 0 0  0 0 0 0 0 0  0 0 0 0 0 0  0 0 0 0 0 0  0 0 0 0 0 0  0 0 0 0 0 0  0 0 0 0 0 0  0 0 0 0 0 0  0 0 0 0 0 0  0 0 0 0 0 0  0 0 0 0 0 0  0 0 0 0 0 0  0 0 0 0 0 0  0 0 0 0 0 0  0 0 0 0 0 0  0 0 0 0 0 0  0 0 0 0 0 0  0 0 0 0 0 0  0 0 0 0 0 0  0 0 0 0 0 0  0 0 0 0 0 0  0 0 0 0 0 0  0 0 0 0 0 0  0 0 0 0 0 0  0 0 0 0 0 0  0 0 0 0 0 0  0 0 0 0 0 0  0 0 0 0 0 0  0 0 0 0 0 0  0 0 0  0 0 0 0 0 0  0 0 0 0 0 0  0 0 0 0 0 0  0 0 0 0 0 0  0 0 0 0 0 0  0 0 0 0 0 0  0 0 0 0 0 0  0 0 0 0 0 0  0 0 0 0 0 0  0 0 0 0 0 0  0 0 0 0 0 0  0 0 0 0 0 0  0 0 0 0 0 0  0 0 0 0 0 0  0 0 0 0 0 0  0 0 0 0 0 0  0 0 0 0 0 0  0 0 0 0 0 0  0 0 0 0 0 0  0 0 0 0 0 0  0 0 0 0 0 0  0 0 0 0 0 0  0 0 0 0 0 0  0 0 0 0 0 0  0 0 0 0 0 0  0 0 0 0 0 0  0 0 0 0 0 0  0 0 0 0 0 0  0 0 0 0 0 0  0 0 0 0 0 0  0 0 0 0 0 0  0 0 0 0 0 0  0 0 0 0 0 0  0 0 0 0 0 0  0 0 0 0 0 0  0 0 0 0 0 0  0 0 0 0 0 0  0 0 0 0 0 0  0 0 0 0 0 0  0 0 0 0 0 0  0 0 0 0 0 0  0 0 0 0 0 0  0 0 0 0 0 0  0 0 0 0 0 0  0 0 0 0 0 0  0 0 0 0 0 0  0 0 0 0 0 0  ]

