# RA DEC Total_flux e_Total_flux

184.554147705 -2.01208426213 0.88006852665 0.01
176.62493739 0.855817745162 0.414916041051 0.01
175.905054587 -2.75332333026 0.402841256702 0.01
178.232890767 0.904912577545 0.739143443317 0.01
182.076807543 -2.73505186197 0.438068369759 0.01
183.765972149 0.436289308783 0.844228300387 0.01
184.660310565 -1.60564090728 0.840473874704 0.01
180.705304395 -4.1353674266 0.343778631022 0.01
183.610998475 0.755379621748 0.657573322459 0.01
180.644252394 -1.73353230979 0.894749661106 0.01
179.624005359 -1.09886778795 0.603881861874 0.01
179.942392462 -4.22978019299 0.408240026131 0.01
178.517248776 1.34875671653 0.118359922627 0.01
180.589298008 -0.714643026858 0.656025586216 0.01
179.726994585 3.27081442055 0.790793645419 0.01
181.370505642 -3.42491171852 0.368083404559 0.01
178.027984656 -2.43427544237 0.679737611712 0.01
182.706579875 -2.71346223568 0.0714829909856 0.01
179.770962168 3.57301124368 0.694706932482 0.01
182.862622356 3.45359791994 0.632727038941 0.01
181.255258192 -2.91513426573 0.40621500793 0.01
179.439743385 -2.33921911939 0.637343965996 0.01
180.614082884 -1.61213650644 0.63570336199 0.01
181.970936449 -4.26831858699 0.914533847074 0.01
178.866929647 -0.773580589524 0.893785584687 0.01
182.283926184 0.828786902375 0.351987296364 0.01
176.56345522 -3.01725961989 0.734300527678 0.01
181.980943975 -3.81292772073 0.510101770977 0.01
178.961734339 0.443056167471 0.26800373154 0.01
182.46325482 3.60796750276 0.170753074651 0.01
176.242975008 -0.820645463717 0.596641118666 0.01
181.468998008 -2.09649925757 0.863512233829 0.01
181.06484902 1.71769497869 0.845582141336 0.01
178.735879724 1.6743695911 0.417299149176 0.01
175.50717517 0.801706556712 0.373447930761 0.01
179.373471134 2.82367310333 0.882421217199 0.01
177.000293205 -0.0717732223439 0.439264350806 0.01
183.568854695 -0.642259193165 0.220279538415 0.01
180.011252545 -4.52649659924 0.0585251273216 0.01
175.968736098 0.170707700941 0.052769613542 0.01
176.301663025 -2.03659247107 0.059772175573 0.01
181.77836811 -1.26351730179 0.171012682223 0.01
180.761347065 -2.27900757938 0.527149327131 0.01
175.02600364 -0.182741337844 0.108131162145 0.01
176.044916044 -0.1064764622 0.526399590468 0.01
178.026415494 -1.51549822171 0.246391689368 0.01
179.943661688 3.35101865702 0.763713028488 0.01
177.841840906 0.898494044697 0.24373731786 0.01
180.138474133 2.58017044255 0.494249923151 0.01
176.908741037 0.240988944655 0.576185352838 0.01
182.566751809 -1.54494269487 0.49991403064 0.01
180.893881265 2.57076731517 0.640195117602 0.01
181.633234394 -2.02878832019 0.631971459891 0.01
180.250586126 2.44709023191 0.786651928248 0.01
181.726555167 1.73735652523 0.198449630668 0.01
178.512822527 3.51878488823 0.600150373277 0.01
177.443243479 -3.04466510338 0.685943949637 0.01
179.66998046 -4.2947656552 0.194559590208 0.01
177.350098404 -2.99509469184 0.814608109457 0.01
184.256683598 1.92698236662 0.387680815022 0.01
178.528534633 3.12534447386 0.00246119089052 0.01
183.332915518 -0.833128474933 0.43805516967 0.01
179.117764421 -2.60061414053 0.863154970944 0.01
178.295683529 3.34855928194 0.213299939895 0.01
179.679007658 -3.97574814295 0.699041159091 0.01
183.981022354 0.493536235283 0.769160456471 0.01
176.839957669 1.25461040787 0.905860256795 0.01
175.50395005 -1.64431058149 0.585485738214 0.01
181.934981321 2.45349899783 0.770914499499 0.01
180.157904869 2.29575734296 0.688462101364 0.01
184.416403733 -1.39208047594 0.343766945058 0.01
178.490765475 -2.93697886509 0.138758720085 0.01
181.540631519 0.0903938549897 0.641513846108 0.01
179.280276331 -0.712646871853 0.505150235299 0.01
176.460370292 0.184039967641 0.862903363215 0.01
179.682446421 -4.65630940249 0.0155051283391 0.01
180.774985307 4.56040693962 0.0312967837592 0.01
183.519428292 3.2839683351 0.0302673922349 0.01
177.979322931 -3.02329105355 0.886340922051 0.01
179.800615265 -3.09631086082 0.421246945525 0.01
179.643542045 0.273728344916 0.433290687452 0.01
177.845522959 2.41056932716 0.711828505912 0.01
181.025048215 -0.845611697866 0.6567481336 0.01
182.557437675 -2.3149700171 0.270743463184 0.01
180.539658285 2.44350491006 0.691270221696 0.01
179.358761414 -1.52999431965 0.125945341556 0.01
183.693137286 -0.876364857568 0.429405518809 0.01
175.315007162 -0.102203016804 0.806253186541 0.01
182.158787481 2.26238941564 0.482802469783 0.01
180.171511693 -4.99467526065 0.855901555355 0.01
177.395493908 2.04864854896 0.747284683914 0.01
183.375731309 3.03163845629 0.564954433078 0.01
183.252479294 -0.981798100345 0.938727842397 0.01
179.18266359 1.06289448936 0.511987341399 0.01
176.700739386 3.490297166 0.834160124197 0.01
176.542487304 0.91717646901 0.29688454347 0.01
181.705526049 0.564620933913 0.977496541306 0.01
181.492287716 -4.1174220012 0.859411993245 0.01
183.845401123 -1.39689707449 0.366292252697 0.01
183.361853754 -3.63740190348 0.49626677136 0.01
180.884609564 -3.90031601821 0.928804687932 0.01
183.189813604 2.93751768831 0.0955107202971 0.01
180.506180459 -1.37990758037 0.0233685185076 0.01
181.768579923 -4.23988786487 0.942484992792 0.01
175.280830456 0.825892123357 0.474659684488 0.01
177.175183937 -0.700646807276 0.400463623392 0.01
175.463842753 0.588768752482 0.874509290248 0.01
180.091664687 0.62726786306 0.467338953583 0.01
177.620314797 2.42309104649 0.0852456684638 0.01
184.631007615 -1.130122534 0.241344560979 0.01
181.723805282 4.00469872007 0.162137768195 0.01
178.971369858 -1.7395607211 0.209089382535 0.01
182.427667487 -2.85362671379 0.658426840164 0.01
182.950248601 -2.85523042765 0.759531947537 0.01
182.508212511 2.56316793577 0.316533006931 0.01
176.443980785 2.48595303855 0.819900763669 0.01
182.324260586 2.34970994475 0.484828260573 0.01
178.235143202 1.7254903185 0.50528552868 0.01
176.98718686 2.72995889276 0.355526158134 0.01
176.600965765 -0.276912613351 0.227492320558 0.01
180.376693404 -3.86070379395 0.668411561394 0.01
179.273885531 -2.77987319574 0.0496411403355 0.01
178.839992272 1.90268989211 0.531355487341 0.01
182.406140733 4.11631183842 0.918203206965 0.01
175.962560371 -2.17314743033 0.947965639147 0.01
179.590785388 0.872701400942 0.0245108319717 0.01
183.68094915 2.9862726356 0.846929121852 0.01
177.235683007 -0.290832739044 0.767258458512 0.01
182.25805303 -3.45133612282 0.131413822765 0.01
176.413596508 -1.8611343389 0.226457595455 0.01
183.79888386 -2.60463302077 0.317537026136 0.01
181.773861265 -4.47204121016 0.558389358708 0.01
181.58521805 1.4817661128 0.647417500046 0.01
181.15795562 3.00681980972 0.325604576272 0.01
181.650171936 3.26146202145 0.506842456879 0.01
180.486668137 0.69949944213 0.988746504062 0.01
178.814010509 -1.05436402673 0.421694805359 0.01
179.333049896 -0.472439518118 0.485094754878 0.01
176.25489604 1.6591813548 0.810423786742 0.01
179.874811239 1.87073898783 0.405578315052 0.01
179.989246024 4.30220859144 0.86421470654 0.01
183.297318564 1.75769038033 0.627315224538 0.01
183.37037063 3.61777005966 0.750898788719 0.01
182.310427939 0.664650897662 0.726303667915 0.01
179.346873536 -2.40074121121 0.318375419678 0.01
184.271093451 -1.96016812453 0.803113697387 0.01
178.92638627 2.83816233192 0.915538950844 0.01
178.044026721 1.79403170171 0.113614921889 0.01
178.848207621 1.03737302774 0.0997903862275 0.01
177.438137144 -1.92097097108 0.665773567572 0.01
184.53802274 2.0633236183 0.0963194801496 0.01
180.704137008 -0.952726035326 0.899515666578 0.01
178.284359745 -2.40022557021 0.25878905633 0.01
183.409910079 -1.94343409585 0.331386868663 0.01
176.47049796 -2.82600427993 0.79574088232 0.01
175.142239978 -1.09898360438 0.267720358153 0.01
178.619182122 4.77484316458 0.117492670697 0.01
178.740148246 4.57755224767 0.0690767348477 0.01
182.985936308 1.59445835276 0.241183227913 0.01
179.846326671 2.16486613664 0.253259501877 0.01
178.009618107 -3.85559664377 0.977478165156 0.01
177.473842604 0.87734865662 0.870387370292 0.01
181.737561463 -1.14524623326 0.949794245264 0.01
184.254386777 -0.417784996952 0.855387752341 0.01
178.942987456 -4.28536541836 0.851047555359 0.01
175.892496024 -1.37109262944 0.161668175908 0.01
181.847084749 -4.37718855916 0.655366988087 0.01
183.623834178 1.12114042238 0.293749511435 0.01
177.555870762 2.49250370031 0.843120929614 0.01
178.122228806 -1.65859768984 0.0451828641199 0.01
180.656744043 -1.54701611537 0.970846767696 0.01
175.539411917 2.11702776146 0.745134433943 0.01
175.866149151 0.0814304800989 0.892959821921 0.01
177.698083262 -1.6223289133 0.139293294985 0.01
175.583726425 -1.45071057068 0.241390984987 0.01
180.251615317 1.88837969657 0.249052621999 0.01
179.549974807 4.9307321238 0.00822225096742 0.01
177.751475195 1.2771904424 0.0230785054058 0.01
177.024684964 1.1910722603 0.387481986897 0.01
177.222369967 -0.830791226438 0.752099208194 0.01
176.002601657 1.41420172156 0.463355862846 0.01
175.943393932 -0.0956927428422 0.0978043358022 0.01
178.441143666 2.22085709755 0.555657519676 0.01
183.796368659 2.16598431635 0.949318840514 0.01
180.567759195 -4.10144090689 0.405167163992 0.01
179.561284553 4.01390062059 0.584527094111 0.01
175.433185694 0.185993243663 0.631059852398 0.01
183.632444853 -1.49331184283 0.784365795371 0.01
179.909982116 3.34842583652 0.0537246032318 0.01
176.940196364 3.20558679992 0.464723235297 0.01
178.997654703 3.16436223653 0.586208966166 0.01
179.028094785 -3.38709671302 0.388188673014 0.01
183.620920668 -3.43764530663 0.350008816407 0.01
184.262659348 -1.66376527848 0.192899331429 0.01
176.476332957 0.213480348607 0.15573656909 0.01
177.738637101 2.69710280329 0.716888953453 0.01
180.765744182 -3.74332684495 0.658328486055 0.01
183.170923211 -2.37517295071 0.0659291104974 0.01
181.726650835 -2.07314815995 0.438430547276 0.01
184.261761542 2.16092680078 0.120483271559 0.01
180.502641765 -3.35028595701 0.0257299150858 0.01
181.8923274 2.93093183763 0.00383920886212 0.01
178.255687759 -2.6102945527 0.11144720655 0.01
179.749886961 -4.33076162159 0.111672580891 0.01
183.509233524 -1.98997448808 0.0674060085214 0.01
180.725340489 0.718699832635 0.583044676305 0.01
180.307810379 4.91951982373 0.459108968224 0.01
180.171924569 4.49027227056 0.323804934959 0.01
180.391197218 -1.68056323304 0.457701253923 0.01
181.012254091 4.58052213134 0.369010991809 0.01
179.91573184 1.46712024808 0.704396435768 0.01
176.273891284 -3.0427266549 0.70125703641 0.01
178.575590831 3.02223436161 0.000852283410429 0.01
176.818131963 2.96039757542 0.740944109199 0.01
184.757479531 -0.474832809132 0.438676719997 0.01
177.43030532 -0.361371734522 0.267377797167 0.01
181.222656581 2.05806133598 0.381166478031 0.01
182.152832441 -3.58500213428 0.0409994080606 0.01
182.888483172 -4.06154360075 0.448254840033 0.01
177.242558267 -3.27952500731 0.919212103545 0.01
175.691580217 1.56987201444 0.450227214494 0.01
181.321931395 2.3368674965 0.0705490050845 0.01
176.150765335 -0.663549391744 0.0842551448017 0.01
179.250396944 2.11981094255 0.18612907592 0.01
177.221514708 -2.05774172495 0.241084214777 0.01
179.719536207 4.55116977001 0.330162449204 0.01
181.284065549 -2.96638233897 0.571018977885 0.01
176.537440307 1.29033394871 0.102332425412 0.01
177.48697338 3.35545822008 0.825943753096 0.01
180.856927697 -2.99399995711 0.887691555026 0.01
182.057584895 4.54514768457 0.868415082415 0.01
180.084746123 1.27850955248 0.772493775463 0.01
183.884208418 -1.36480742622 0.93551776326 0.01
183.831705026 -1.06806562909 0.942867814156 0.01
178.905727472 4.40936815755 0.183040319596 0.01
182.110610233 -2.47283799894 0.661070719924 0.01
177.453636445 -3.59312149571 0.420768576179 0.01
179.465856663 -3.79744940466 0.681421562882 0.01
183.695645906 -1.55881905921 0.496326587511 0.01
180.804781796 2.44267754266 0.414926594816 0.01
177.476559011 0.0577207922632 0.72868321375 0.01
177.715459396 -0.156837955903 0.882067541536 0.01
178.621418678 4.3244402959 0.0843892215315 0.01
182.701481742 0.0992311024023 0.451160427421 0.01
177.267102803 3.11071397711 0.45958041155 0.01
180.240099787 -3.47188906663 0.751386114829 0.01
177.448171765 2.00698012697 0.748382849884 0.01
181.218577313 -2.56252734267 0.0264719756949 0.01
176.78383715 -3.49698354786 0.955136339847 0.01
176.236992793 1.02917548641 0.255552837298 0.01
178.157679269 0.244055512963 0.403801111468 0.01
180.119445737 1.22443023587 0.791002763466 0.01
182.489584603 2.03241747283 0.202153660399 0.01
179.560414906 -0.695828267694 0.0349309717841 0.01
179.786256782 -1.47755418437 0.80516326889 0.01
179.065333529 -2.85307791815 0.91826066959 0.01
181.838780992 -1.36215961387 0.312780414674 0.01
183.759693216 -0.980384795973 0.830943045052 0.01
181.512784448 -3.94449448532 0.488446306448 0.01
183.151847867 2.14038261094 0.79649242337 0.01
176.358618315 0.136482305738 0.829662867885 0.01
180.035045328 3.4309164555 0.0532852959168 0.01
177.002493524 1.01196908171 0.642689537765 0.01
178.29185597 -2.23055862982 0.919491781771 0.01
182.434584849 -0.980909419844 0.718563561365 0.01
178.38733244 -4.68951868476 0.43013411232 0.01
179.695563688 -1.41533947834 0.352590497669 0.01
181.134996888 -1.56727258582 0.83990171284 0.01
180.621556999 -1.48759870367 0.806692301066 0.01
181.323477508 -2.1640062905 0.97829922077 0.01
182.046332752 2.01389537188 0.134437213241 0.01
179.450662302 1.90860104822 0.785473856767 0.01
181.805335705 -1.65385334617 0.00947102031278 0.01
182.325668308 -3.49419037628 0.716421335208 0.01
179.368461041 3.91376308852 0.17904021026 0.01
181.492334835 1.49418395264 0.855184047765 0.01
183.20590531 -1.65059259488 0.803587770049 0.01
177.549928923 -2.28924062946 0.51916738275 0.01
177.227050868 -1.15775421748 0.606799799361 0.01
183.12867743 1.00544464048 0.296652219967 0.01
178.22291581 3.91719220073 0.568822023791 0.01
176.579666885 -0.629533841074 0.157433531465 0.01
178.646956582 -3.72520553489 0.0391025108743 0.01
182.424307293 -4.04461272776 0.813190915926 0.01
180.040479365 2.56637377214 0.0390419187554 0.01
182.072393753 -4.13534312644 0.649676841584 0.01
179.165751083 -2.67272558667 0.170908722466 0.01
183.51893094 0.202499980759 0.120549130708 0.01
181.660801289 4.57213495553 0.730958510241 0.01
183.822124463 0.331722570733 0.0234893023221 0.01
177.214807873 -3.03147643914 0.467858162377 0.01
175.703878103 -1.94647988534 0.569291450932 0.01
181.411292767 -0.81775836925 0.0878531240444 0.01
179.134642178 3.32189452151 0.256991129799 0.01
180.149980208 -4.98795490241 0.176947129587 0.01
177.096917062 -2.72353617317 0.466798740943 0.01
176.760805308 -1.0716437089 0.513035205779 0.01
180.619599238 -4.62594637531 0.318648015885 0.01
177.491186788 2.1843549934 0.710589240123 0.01
176.355898538 -2.4910154278 0.748947780805 0.01
181.081156069 -2.24066461765 0.631417615356 0.01
176.870349499 1.36493764746 0.165161668508 0.01
181.031622782 0.840238791539 0.576729624819 0.01
175.662524888 -1.51706509519 0.251179956738 0.01
176.493178209 1.02610955717 0.681042217527 0.01
184.663933503 1.06458045468 0.960056797815 0.01
183.470479845 -3.44698252294 0.604597360722 0.01
183.215106394 -0.861534703252 0.502890660622 0.01
178.772126633 -2.64072389452 0.773178124088 0.01
182.252771139 -2.91880771856 0.76021497685 0.01
177.086915248 -0.708002160502 0.722049437533 0.01
181.420458837 -2.84750346323 0.862117156032 0.01
179.490601455 -4.35166158049 0.932689892824 0.01
181.171565721 -0.821903803126 0.0741975126648 0.01
176.010467115 -1.69280602952 0.219243813813 0.01
176.487059307 -0.571888580029 0.938027723489 0.01
178.816150354 -4.77769477986 0.695373125375 0.01
183.306809572 1.42688235859 0.515899348565 0.01
182.239823034 -1.83544997441 0.596822965812 0.01
184.631829118 1.54570510978 0.352520348495 0.01
183.368901682 -1.30469126036 0.945944941699 0.01
177.33996 0.0288145167153 0.329574309476 0.01
179.715997958 4.37612825469 0.562928216068 0.01
178.217857273 0.457023471293 0.597245055122 0.01
175.897436559 1.01508505055 0.544593677322 0.01
178.277230341 4.6936963219 0.290857113276 0.01
177.142033055 -4.07816839188 0.87722203997 0.01
178.371753988 1.88571119976 0.726230208703 0.01
180.365917244 -4.62095523244 0.920291965588 0.01
180.752616607 -0.496794316419 0.967465131277 0.01
175.367098034 0.646654865809 0.317446086484 0.01
177.484382354 -0.114975674945 0.502254478091 0.01
184.579056675 0.554349567341 0.0166945034751 0.01
179.827884349 -3.36128448254 0.830883206813 0.01
180.475729875 -3.16286428506 0.135301553939 0.01
178.362434039 -4.23936924704 0.555659349684 0.01
179.391889174 -3.03555265698 0.146141618047 0.01
180.962110246 0.78817017751 0.212736771466 0.01
180.734462813 0.163775523784 0.44586941254 0.01
179.054663792 3.00879774166 0.0377963158589 0.01
178.854353039 4.78390849823 0.399216299453 0.01
180.144332678 -0.27357876102 0.386108570196 0.01
182.089292438 -0.416005794973 0.483098112213 0.01
179.794333433 2.81898607134 0.243110915979 0.01
180.991489542 -2.35044245892 0.378967178521 0.01
180.508836974 -3.69581907478 0.680351612274 0.01
176.038457459 -2.96725191244 0.577697299432 0.01
183.709481436 -1.07748525979 0.274911185424 0.01
181.731877396 3.68264795031 0.566580647279 0.01
178.824655411 -2.30249042004 0.507806257605 0.01
184.58786515 -0.584708083837 0.46147889107 0.01
178.805125713 -3.16223369563 0.110013928053 0.01
181.501061634 -1.73159275098 0.00180219437402 0.01
178.915882785 -0.793016021353 0.0759092232 0.01
177.914080285 0.15065160205 0.512793184284 0.01
178.629055751 -2.50757755709 0.814160427165 0.01
179.925429413 -4.32499354471 0.137078255768 0.01
183.235573839 -0.653222380111 0.24064490717 0.01
183.038362345 1.31265931338 0.924547006084 0.01
176.161806478 -2.9577313984 0.303384431058 0.01
182.316054757 2.29813836834 0.251610803594 0.01
177.202637051 -0.500330630287 0.337935923435 0.01
183.506077528 2.7418683409 0.563947211105 0.01
181.769228125 4.32427431354 0.460824882048 0.01
181.166219766 4.5685094279 0.248809169252 0.01
177.167841922 3.14429603929 0.259996469875 0.01
179.379603794 1.40000904282 0.954081868062 0.01
179.898803795 -0.750215567764 0.367451185948 0.01
180.177018171 2.86492588119 0.98782316088 0.01
178.900260943 -3.45172757599 0.693644007933 0.01
178.97384827 0.0828171233822 0.304897504709 0.01
182.653428528 0.885317027265 0.105122726695 0.01
183.52508485 -0.617816493979 0.971816756146 0.01
177.141291853 -1.26866454198 0.730551899031 0.01
178.164909828 1.74134276769 0.742123948226 0.01
175.681657618 -2.1607389277 0.869000211386 0.01
176.650790029 -3.67994169633 0.987158271391 0.01
178.468665491 -1.51429107797 0.519141809965 0.01
180.15937451 -1.34048121042 0.754646289932 0.01
178.761985861 -1.52369374937 0.0282741968672 0.01
178.183074273 3.48481207785 0.934081060784 0.01
180.90221354 1.75412848933 0.847619785574 0.01
177.11910441 -3.81109259177 0.845075133609 0.01
178.180324053 1.5570219171 0.0535053706372 0.01
183.685526464 2.79633027784 0.594216986225 0.01
177.525698556 2.69597922102 0.267710119284 0.01
180.269686902 -4.45968143542 0.401653011677 0.01
183.662317681 -2.88813914162 0.677605870474 0.01
176.144766289 2.42726890529 0.802607500458 0.01
179.557546778 -4.00478237053 0.952948699761 0.01
178.138359026 4.14558529304 0.518353683836 0.01
177.325550941 -2.1049279984 0.272317211465 0.01
181.919051822 3.24981479719 0.238657961474 0.01
177.058439407 -2.90903677376 0.566197263547 0.01
180.89752734 1.59245080557 0.811843803258 0.01
183.512634945 1.05040150806 0.904090174184 0.01
182.150853715 2.97943319151 0.68356002603 0.01
179.154720878 -0.34695425163 0.401783598866 0.01
180.149894412 3.49366249505 0.634689174704 0.01
183.483525949 -1.36382266039 0.861552171687 0.01
184.731542572 1.06625326502 0.991055201954 0.01
182.544027834 2.96049816179 0.542684105683 0.01
176.402972084 2.10337120558 0.822823416796 0.01
183.176861932 1.41221893811 0.929305558531 0.01
183.821966506 -0.112403046966 0.273394059158 0.01
182.356034247 -0.588318704573 0.901172428595 0.01
180.400729135 -4.6877467709 0.828480372028 0.01
180.745462825 3.2596809178 0.654766195464 0.01
179.684536001 -1.04116289448 0.0264824517379 0.01
181.543289193 0.650042093797 0.782642042459 0.01
178.517521541 -4.39819165595 0.893547032976 0.01
180.897966272 -2.11123561747 0.580481686616 0.01
179.181691948 -1.65855880339 0.393620141331 0.01
181.648753213 -3.72380978067 0.488846472336 0.01
179.265128496 -2.01062904765 0.134570256984 0.01
181.579809348 4.67635845615 0.514869509366 0.01
178.070543565 -3.62922849369 0.524965221642 0.01
179.238646368 -0.662537024562 0.109702157781 0.01
180.207812176 -3.18459020086 0.768839507672 0.01
177.57549636 -1.18803622382 0.456321078076 0.01
180.031034329 4.41107216251 0.555879829936 0.01
180.076988291 3.11506539433 0.579573960319 0.01
183.257526265 3.63826198804 0.489281425454 0.01
180.620265334 1.28977403948 0.334881443293 0.01
179.87813095 -4.61150528733 0.394481460298 0.01
184.053594454 0.811583092594 0.65347469881 0.01
180.227567269 -0.552541795661 0.0139354210635 0.01
180.088402297 -2.570016507 0.915806281942 0.01
181.193678754 -0.766597470318 0.440744819567 0.01
176.317503636 0.666428296033 0.483890606053 0.01
180.982311175 0.0739672380645 0.422428151069 0.01
176.053173506 -2.21620497751 0.0387522007692 0.01
178.870993576 -1.5238168134 0.268727261546 0.01
176.342231682 1.59793471221 0.58326126767 0.01
177.694944178 -1.53837088951 0.109152598336 0.01
175.867781548 -2.31657505117 0.566995412243 0.01
184.868029275 0.678396842578 0.899422132261 0.01
182.687925391 -1.83290146201 0.0154457360308 0.01
183.065842102 -0.316796618954 0.298578078414 0.01
179.461888488 -4.53269957151 0.0461026899619 0.01
179.181790847 0.205077094785 0.868394781529 0.01
182.793324196 -1.7406808 0.236017051233 0.01
177.101417658 3.04506794584 0.941151121221 0.01
178.516983885 -1.75883633164 0.285280661171 0.01
177.676851834 -3.74161976863 0.783947870568 0.01
179.607225534 -1.32645444893 0.977265198956 0.01
180.638634321 0.987245436612 0.16993559737 0.01
179.586698168 -1.48440097608 0.67523945365 0.01
176.336779173 2.47436225215 0.907390731695 0.01
182.394440208 3.23552072516 0.574836948322 0.01
182.888094212 1.14054545323 0.858051668819 0.01
180.133290473 2.6183867238 0.687395621314 0.01
176.960909266 -2.09089724075 0.111069909818 0.01
183.994552771 -0.434995755479 0.983988295754 0.01
176.993367181 -1.56440589867 0.98450349834 0.01
178.885365888 0.723574486974 0.965385811402 0.01
178.684441692 4.58203063051 0.351757964213 0.01
180.102694016 3.62801018613 0.76698344921 0.01
182.826391659 -2.55198496376 0.60529083586 0.01
180.704455472 -4.13098552981 0.990167124494 0.01
183.346909346 2.42069732762 0.89710063779 0.01
180.32278376 -3.70109606264 0.725326188953 0.01
181.703595425 0.657599535092 0.421558558153 0.01
179.957043271 -0.897844479221 0.80197525565 0.01
181.256903599 0.648730202597 0.882183186017 0.01
181.745584857 1.47155911494 0.0231338643741 0.01
182.883922709 -1.18068166561 0.801762210892 0.01
180.39925317 4.20519213732 0.465707127536 0.01
178.492228504 2.77946832324 0.385745545838 0.01
183.547241653 0.061468973335 0.725545409704 0.01
182.029768852 -1.2300682971 0.732910648604 0.01
179.710408646 1.20646673033 0.653229149022 0.01
183.019134802 1.32450345721 0.815992754451 0.01
182.742023498 1.5215691947 0.819083277545 0.01
177.173028008 -1.90325475437 0.902026375123 0.01
181.711527227 -0.187720870197 0.342957485528 0.01
176.793469429 1.72809208618 0.285844891215 0.01
176.955723586 1.85123347675 0.70765197612 0.01
182.047390658 0.05539977842 0.048684211507 0.01
182.99013878 -0.429982657792 0.342439906251 0.01
177.538224078 -2.38861682574 0.486771015282 0.01
182.080445521 -3.74230824441 0.71926384323 0.01
178.976608602 -1.25623855642 0.957580164712 0.01
184.104457419 -1.88873875361 0.668266902768 0.01
178.204832832 1.3384203153 0.435220379634 0.01
183.304967722 -0.855279650394 0.86225764231 0.01
181.504956279 -4.15153147207 0.389901142962 0.01
178.695253959 -0.748527998489 0.871764092393 0.01
184.504481285 1.27558900077 0.793066911172 0.01
177.593726744 -0.958419924435 0.646984861108 0.01
176.175022827 1.23881315446 0.728731953983 0.01
179.423820023 -2.2198174095 0.44555292406 0.01
177.624893321 3.20884892411 0.0997144761879 0.01
180.961140519 2.37440737971 0.678395281551 0.01
178.261882161 2.06932577064 0.788847973509 0.01
182.373497279 0.379554050444 0.331981148069 0.01
180.108056192 3.18786357043 0.455300118557 0.01
179.244112831 -4.01258211168 0.829282246555 0.01
179.734653695 -2.69036845788 0.0689706956494 0.01
182.174831963 2.66592565583 0.141933469014 0.01
180.505837245 1.12534161005 0.470178689806 0.01
176.31811973 -0.751318545768 0.035841490443 0.01
181.251763587 -4.33207651893 0.539019737721 0.01
180.90442187 -3.00157650394 0.721016922167 0.01
178.711952815 -0.637684173493 0.672595792399 0.01
182.723260582 -2.96770821243 0.401004632073 0.01
182.66020755 -0.462338705094 0.898442193361 0.01
182.058297278 0.00111096994726 0.429953215015 0.01
175.791652053 2.44635153024 0.228224681797 0.01
181.956777781 -3.00523108206 0.229658921635 0.01
179.826558561 2.51282550539 0.854861510285 0.01
183.991619046 2.58032374418 0.699921323021 0.01
178.857198815 -2.01798181802 0.122036272348 0.01
177.034628586 -1.80555930868 0.715637172464 0.01
182.394983097 0.465596718006 0.399599164475 0.01
178.174747705 -0.911008497096 0.924265079042 0.01
176.309773354 -2.63954936414 0.156261360779 0.01
179.730323311 2.15272690016 0.206381014828 0.01
179.773553303 0.41194827773 0.841465343287 0.01
179.018878604 -3.36499700742 0.812930996104 0.01
180.194852875 -1.92510234686 0.261183643291 0.01
176.718820763 2.97571800934 0.818262331235 0.01
181.30198413 -3.67621167372 0.465310473592 0.01
179.086996396 -1.01130392279 0.0504837600003 0.01
181.084801631 0.332146597892 0.441146002827 0.01
180.852417644 -0.140074099425 0.511111286559 0.01
182.807954113 -2.00770328436 0.387493686567 0.01
183.124022583 -2.22398253366 0.465833991297 0.01
179.526829041 -0.592713106519 0.497713670349 0.01
181.205666146 4.1103198029 0.0776411922963 0.01
181.4279049 1.86086101021 0.526898128111 0.01
177.683123023 2.59151697015 0.129642913802 0.01
179.837335848 -4.13812249229 0.88210054256 0.01
180.761658222 2.27302867261 0.294432448616 0.01
183.227840313 0.599004787826 0.464065256158 0.01
181.836350173 -1.94738633992 0.684844187375 0.01
182.397460932 -4.33946723848 0.961129780778 0.01
181.572861149 2.9854314481 0.712719693904 0.01
176.898709072 0.778723515099 0.357127321682 0.01
176.128271143 -1.1903568887 0.0867200707743 0.01
177.843284457 -1.02785562875 0.625287716122 0.01
178.626393303 2.21118671575 0.161999999484 0.01
175.455590464 -1.40802277009 0.809778089088 0.01
182.248878989 -0.751719042992 0.621758968098 0.01
181.308032685 -0.805473063826 0.612725549824 0.01
178.330944389 -2.08150899017 0.602262039222 0.01
178.466006289 1.63483118285 0.379898566803 0.01
179.569183983 -4.86640903547 0.819546400475 0.01
177.538406468 3.94961906975 0.554290548953 0.01
181.256964619 -2.04665009429 0.409323790398 0.01
178.580696382 -2.54925429656 0.316541461434 0.01
183.471278243 1.80858986841 0.625803870289 0.01
179.680544839 -2.34523434443 0.269439533412 0.01
184.055324089 1.88642784327 0.512998978691 0.01
179.003432491 -3.18534208625 0.2673187738 0.01
178.214010833 1.54551961063 0.0663246069779 0.01
182.310240069 -2.2762941652 0.221171097631 0.01
179.643010478 4.89295353135 0.571287387676 0.01
182.591556045 -0.127198851348 0.742715226166 0.01
183.660067562 -2.52506078144 0.194837511725 0.01
179.76383254 -4.05487886175 0.847385685064 0.01
182.008272666 -1.37627246097 0.0996099526971 0.01
178.115985006 2.21073400826 0.764833033138 0.01
179.192969428 4.29350639986 0.785859892675 0.01
184.378999584 0.62694104945 0.757869350119 0.01
179.404808879 -4.84344993562 0.509743459119 0.01
183.823498085 -1.81210762112 0.318366708104 0.01
178.519015769 3.78422823783 0.572806140966 0.01
175.547962497 0.852329937479 0.424494438782 0.01
180.992011549 1.41418860479 0.283350109232 0.01
180.500829029 -2.26377188797 0.985882555999 0.01
184.572754206 0.450953184424 0.656997878735 0.01
181.266831793 0.543037706898 0.985390555604 0.01
178.994528731 2.13827178199 0.140248470985 0.01
179.110040182 4.46092179676 0.729347328002 0.01
178.23009895 4.21531717618 0.117646388064 0.01
182.054628362 -4.15275652014 0.747084577149 0.01
176.386557899 1.10565376496 0.839688153811 0.01
177.216773049 3.22653508316 0.463398691189 0.01
180.475598555 3.20129617881 0.251544134545 0.01
182.81542989 2.36861137947 0.593858081468 0.01
183.190344608 -1.14383565099 0.724758611145 0.01
179.113259088 2.17008467027 0.936426964205 0.01
176.712310318 2.67998180067 0.33976886953 0.01
176.611263656 0.0662247977251 0.541796205528 0.01
176.099388303 0.788752427067 0.887593952572 0.01
184.219447916 -1.77000082449 0.00847886291773 0.01
181.097549927 -0.0891112867402 0.324091220801 0.01
179.025672246 -1.58626563715 0.233350036802 0.01
180.694865179 -2.73422428478 0.509730661715 0.01
178.521081469 -3.17457268299 0.732081899467 0.01
180.988051521 -4.81499823204 0.737249816336 0.01
179.195360911 -1.9298651951 0.730562820572 0.01
181.043720588 3.51156985703 0.453276488149 0.01
177.185061019 0.904383629858 0.278721019879 0.01
178.274591581 1.02913675926 0.465134080006 0.01
176.01393406 -1.69138850683 0.0694056703543 0.01
182.73865865 -3.44602209114 0.00602525531235 0.01
184.698241859 0.705312995709 0.151689588356 0.01
183.060722098 -2.75781611792 0.219767511484 0.01
183.275239219 -2.95684001357 0.443237899361 0.01
179.818390007 -3.94492735627 0.0264738716945 0.01
181.698132796 0.758514726853 0.14479568948 0.01
179.42742628 0.781828668325 0.418230102659 0.01
182.171023847 -1.80149775565 0.595297449203 0.01
179.260983355 -2.97711177372 0.663618079086 0.01
179.098024299 -2.90705579194 0.27946896832 0.01
183.335149306 -1.31459710704 0.738947049971 0.01
180.191011563 -3.84325304942 0.299242905783 0.01
176.534134654 -0.236650979364 0.575586873042 0.01
184.274259333 2.30607401952 0.934250575211 0.01
179.331851292 -2.87377710149 0.666652433295 0.01
178.548269913 2.06512523167 0.871380962559 0.01
182.376016914 3.16857562507 0.618279387131 0.01
180.545195584 2.75805008583 0.838466108274 0.01
180.193642471 -2.13533932257 0.711173393106 0.01
177.275705982 -1.39213630778 0.566642886043 0.01
175.820432355 -0.334567083203 0.705265273555 0.01
182.910952277 1.53489109818 0.647858466845 0.01
182.177368871 3.65928601624 0.100406154286 0.01
179.421771786 2.64733735213 0.109832627202 0.01
176.772614235 2.26699832145 0.334610989116 0.01
181.936241144 1.03950131206 0.122169000582 0.01
181.731933636 -2.6036044208 0.305478373095 0.01
178.275986474 3.70921491085 0.191024012381 0.01
176.512008504 -2.08609818762 0.170613799251 0.01
181.677646689 0.172607544206 0.457860722079 0.01
179.332894902 3.49577966554 0.778376996232 0.01
183.13827405 0.808824886896 0.895441982174 0.01
177.762869491 4.01411640102 0.0579206367578 0.01
176.610392512 -1.74527785557 0.872871680629 0.01
181.377185166 -0.488159575528 0.333620788964 0.01
180.655366252 2.98924675457 0.422616068033 0.01
183.263383293 -1.18493192885 0.790162803194 0.01
178.945956404 -0.0570028648135 0.966467962313 0.01
184.087259667 -1.21543375232 0.43438410452 0.01
184.552561288 0.651494035604 0.255936039845 0.01
180.421683335 -2.75896846712 0.7042294703 0.01
177.43765939 1.31616544373 0.984689382709 0.01
180.35904395 4.21793711176 0.10091781722 0.01
183.364687085 1.26093163599 0.638797205726 0.01
182.192973724 -0.757738969925 0.29611076981 0.01
178.824706826 3.84303985493 0.9037674514 0.01
180.331237232 -0.765607985823 0.87923690661 0.01
184.932165433 0.232406237254 0.213082051407 0.01
178.010399291 -2.60893197215 0.18674956567 0.01
180.678706514 1.48516822984 0.507926745942 0.01
177.966019253 1.29053357839 0.439766821706 0.01
181.98231384 -3.91450253269 0.564686460694 0.01
183.417105139 0.950639604796 0.309641452392 0.01
180.831404983 -4.6495189695 0.460317689172 0.01
177.050287747 2.03254204588 0.0564505250279 0.01
177.779882172 1.49802865537 0.277663961151 0.01
183.977577084 -1.76712564765 0.666717195608 0.01
181.636660328 -4.08657931341 0.18972696022 0.01
182.960213812 -2.69071664759 0.0529921580372 0.01
183.864305995 2.99405993359 0.508826192595 0.01
183.483198281 -0.306772150065 0.625203159907 0.01
179.96330193 -1.99278846994 0.851333842074 0.01
181.465724376 -4.40010003686 0.270255078339 0.01
183.59759634 -2.31681433119 0.634622305134 0.01
177.672456737 2.77425328558 0.088135449797 0.01
178.681455523 -0.714820176208 0.373766584153 0.01
176.729047451 -0.306145735443 0.296339712479 0.01
180.033035098 4.74646378368 0.857150716258 0.01
177.704356387 -2.22858883296 0.257388796283 0.01
181.841145238 -0.272533919623 0.00969255384401 0.01
180.708454964 1.92266711269 0.290905334157 0.01
182.394929261 3.6489153377 0.51007641347 0.01
177.863640824 2.77141067887 0.0908871494772 0.01
180.106207185 3.83699221124 0.947347911036 0.01
182.78872185 -0.237019324422 0.510925738728 0.01
181.553942836 -2.03635016511 0.498245830011 0.01
179.115510518 -2.4534018911 0.756175974481 0.01
175.875672349 -1.85429198451 0.418744002636 0.01
179.940767831 -3.10349239556 0.951896037003 0.01
183.31873278 -2.77057814907 0.579718656907 0.01
181.56231466 1.9734436668 0.286151879315 0.01
178.167456953 3.80979038361 0.178603594617 0.01
182.511913157 1.10034672828 0.131586229814 0.01
180.563959989 -1.70231374915 0.696915474932 0.01
177.878441687 -2.5177088471 0.581892167521 0.01
179.102171473 -3.35698674381 0.813783677422 0.01
179.243994467 -1.35390385312 0.251229409924 0.01
182.206777051 -3.89109036817 0.267321818175 0.01
177.184795433 2.96472704655 0.558611512369 0.01
179.994462219 -2.06065771568 0.410203227972 0.01
181.645631202 2.56940046515 0.0912835776996 0.01
178.255625125 -2.48938228017 0.963126901269 0.01
183.624817324 0.800419941123 0.727290492872 0.01
176.671544074 0.426187795442 0.175245042192 0.01
175.383479796 0.84146254666 0.729181306432 0.01
178.681880754 -3.38171219109 0.476585165582 0.01
184.327121101 0.669584408499 0.951566566284 0.01
180.652319927 -3.36415502743 0.67980061042 0.01
182.023591847 -2.72909899257 0.953452581838 0.01
180.894902154 3.49222879077 0.129327358566 0.01
179.939399688 -3.40923719931 0.126615286072 0.01
175.338186544 -0.811786634445 0.14869275366 0.01
180.060958132 -0.178928711774 0.595264228681 0.01
181.195786354 -1.65683899272 0.402125075771 0.01
182.476957362 2.41389686585 0.659228732049 0.01
178.818636893 1.47283044442 0.994524189877 0.01
181.632537235 0.136837287619 0.825755918546 0.01
180.927149771 1.45404772148 0.859929516043 0.01
180.762658525 -0.664278881037 0.68331071949 0.01
176.92037267 -1.70088611295 0.951754005642 0.01
179.664075708 -1.05628944217 0.210330587491 0.01
177.637766812 -0.149000784142 0.726126515426 0.01
183.680848893 -3.02958429806 0.689329255049 0.01
182.013223397 1.72462111116 0.2451853514 0.01
177.906235941 -0.56104693826 0.96752056398 0.01
181.100890174 3.47247142031 0.687317600335 0.01
176.847969158 -1.12957390313 0.412171916295 0.01
177.348661446 -1.2012854034 0.753479746257 0.01
180.459200828 -4.58373382828 0.185825465769 0.01
184.467065508 -1.20708381279 0.269697385291 0.01
181.86857873 -1.00842761171 0.352036889905 0.01
181.173329261 1.41194541064 0.327956274177 0.01
178.304975314 4.20253512388 0.819561071995 0.01
179.343379317 -3.11393625392 0.569728933439 0.01
179.349008694 0.727494268767 0.300114589878 0.01
180.634676285 -4.78845803006 0.174697899771 0.01
183.855571694 2.08272140345 0.81610964251 0.01
180.410358152 2.73212809325 0.930543355951 0.01
180.145244011 1.13906079775 0.924918397251 0.01
181.785445532 -3.44500781027 0.656790640225 0.01
182.977563681 1.387582124 0.835346472512 0.01
176.841995706 1.36391265814 0.534758222666 0.01
175.27453069 0.389063764355 0.453399126101 0.01
176.472421922 -2.38253863811 0.371158915758 0.01
179.997412572 3.26788985386 0.057336533303 0.01
180.458517592 -1.72902944424 0.219131505535 0.01
179.284759019 -2.1087915652 0.296344701815 0.01
181.793713276 3.04104743571 0.411375961129 0.01
181.005506201 -0.648852547556 0.871982587588 0.01
178.404296988 3.38860024943 0.372254600947 0.01
180.305790902 -1.34061246437 0.615264357351 0.01
180.93250434 4.46612888309 0.920717506785 0.01
183.633086191 -2.11037486699 0.913480242576 0.01
175.412316255 -1.6221557914 0.163263731466 0.01
181.5035755 4.41710473177 0.690434959366 0.01
179.935923106 -3.34081190534 0.830209752532 0.01
180.894634942 3.47180929442 0.3404909321 0.01
184.461400573 -1.335670151 0.782596782158 0.01
176.559385824 2.35033267032 0.515739775848 0.01
178.043329373 3.42409129796 0.805437585554 0.01
176.707548098 -1.72350140011 0.965895840672 0.01
184.369137442 -2.37548491348 0.668754917228 0.01
176.988121014 -2.14647895246 0.613405284397 0.01
177.200561331 2.70938457424 0.510157917219 0.01
181.828033239 4.25431967499 0.0312981033365 0.01
182.632106655 -2.53353250051 0.290092842811 0.01
181.312533126 2.67801566919 0.667536133901 0.01
184.627906634 0.738818568919 0.869474173603 0.01
183.539795823 1.89382427269 0.938965335015 0.01
182.941220426 1.850032841 0.172822148138 0.01
175.2760737 -1.34783995235 0.154116887509 0.01
178.698134439 2.75348114759 0.868517298038 0.01
178.998667766 -3.20376502098 0.652978411587 0.01
175.455250529 -0.477099596546 0.770415072423 0.01
177.142670592 -1.20304835686 0.546878841455 0.01
181.385202287 -2.07506358388 0.625806214566 0.01
181.946423576 0.147374176327 0.727068949322 0.01
182.277927417 1.36129806984 0.54106838094 0.01
176.238047806 -0.662897697108 0.947847731296 0.01
182.268017854 1.39440124832 0.41766900627 0.01
178.650900413 0.5058672824 0.676423895909 0.01
180.401070709 4.8614674528 0.319540576766 0.01
179.300849084 0.480537768512 0.223958633135 0.01
177.868042639 0.281271788859 0.283863167811 0.01
181.379416009 -3.95486465653 0.578872925915 0.01
175.920585804 1.05391860283 0.0992025080398 0.01
177.293680799 -1.738854199 0.135094334987 0.01
179.003211782 0.515605180515 0.955581113871 0.01
183.028728828 3.01300103592 0.855701104893 0.01
182.942640298 2.8527864496 0.231311605658 0.01
178.158938399 -0.117987730014 0.147410452057 0.01
180.961329913 1.19097580353 0.0235637526229 0.01
175.862522089 -2.23706310284 0.885757131589 0.01
181.753468368 4.59093134882 0.282782356609 0.01
181.875542345 -2.37628810981 0.0748185141848 0.01
181.240842717 2.80393094946 0.0079545851067 0.01
180.575280955 -3.90332487626 0.405768430595 0.01
180.650730896 0.770022975606 0.0645028555491 0.01
180.433375887 1.15107248345 0.846603055983 0.01
179.31814788 -2.91821579702 0.791424734878 0.01
181.500105444 -2.58919370481 0.238612407127 0.01
176.877276121 2.77693823652 0.00827625841238 0.01
183.86553011 0.453445712556 0.481681085739 0.01
178.429058938 -3.44171635778 0.599874667768 0.01
179.062935491 -0.720886575272 0.163388745037 0.01
179.242283881 -0.703850345937 0.105439415515 0.01
182.318843255 3.40150487376 0.477295697926 0.01
181.458189535 -2.95134587764 0.962449449161 0.01
177.105332542 -2.05026827787 0.336097630258 0.01
180.735465119 -1.40616227864 0.254774778046 0.01
175.3722793 -1.86346495136 0.720024445391 0.01
180.741759756 -1.20502560114 0.0750510002242 0.01
176.705590443 2.01162661422 0.385313354719 0.01
181.778125088 2.81332701211 0.992818107788 0.01
177.870143392 -0.708722445461 0.170080448972 0.01
180.749678108 0.86193430491 0.300191316099 0.01
182.334444056 0.289943528814 0.222127178541 0.01
181.910134597 0.108830222021 0.666136943029 0.01
175.107664832 -0.0426804561477 0.825737564749 0.01
181.141715355 0.971964617366 0.92784237866 0.01
177.736356923 -4.29073760373 0.985146412483 0.01
181.468782375 -4.77400228225 0.7822188324 0.01
177.650336753 -3.28032031386 0.824278823835 0.01
176.137608927 3.12132032997 0.747300595446 0.01
181.914717703 -1.34396844831 0.377830018537 0.01
175.664090759 -1.40901460726 0.561009428066 0.01
182.705661164 -3.92625379636 0.689693962469 0.01
184.544102889 0.836260839978 0.646664617755 0.01
182.904187518 -3.4244566275 0.00710404845863 0.01
181.076591089 -2.76132695615 0.612969878836 0.01
182.314895162 -1.09530215324 0.391701603824 0.01
183.105108113 1.3422822181 0.123574330753 0.01
181.361551941 -2.71505072263 0.00695518447986 0.01
182.389945155 -2.643513265 0.0224459851821 0.01
177.656044485 1.3864034017 0.001882249318 0.01
178.05021976 3.7487913729 0.106217218232 0.01
176.519785975 2.62122810577 0.320260448584 0.01
177.479575051 -0.088578842125 0.0178889463491 0.01
179.427572939 2.38686975789 0.356806195126 0.01
184.219229777 1.74968178291 0.492021027764 0.01
177.823630478 -1.67968402417 0.329964332231 0.01
181.907719389 -3.68589580498 0.386439135756 0.01
180.623703512 -0.415869070733 0.542670206363 0.01
181.629540405 3.58093798738 0.578418968923 0.01
176.615405377 -3.6763103592 0.197331256782 0.01
178.703552627 1.77737347506 0.395595145285 0.01
177.271163485 3.01313200462 0.939151032476 0.01
175.420607917 -1.85568062675 0.807372275943 0.01
182.012857888 -1.52055689003 0.989587545055 0.01
176.857484727 3.55864371526 0.710003358156 0.01
180.986476935 2.81115165245 0.256391527866 0.01
177.66499899 -2.07957486309 0.214905006774 0.01
182.484689231 -1.60516941242 0.784027973783 0.01
183.290427962 3.72713234209 0.416155174625 0.01
178.600568402 -0.022601081006 0.671179611635 0.01
184.273656194 0.453775233198 0.0691490079995 0.01
177.139518179 3.06272257058 0.538053913773 0.01
178.671218566 -3.55784364041 0.604656538941 0.01
176.61667051 -0.94753551175 0.963121297157 0.01
176.5646891 -1.50177778104 0.951133199128 0.01
182.806933294 -2.39407160136 0.0196049535555 0.01
180.394441358 -3.82612472065 0.30910627098 0.01
181.270486205 2.75803811982 0.78600446713 0.01
176.641550622 -3.02534493132 0.0440064292338 0.01
175.483296001 -0.545360010676 0.447498848815 0.01
175.380037476 -1.53392391447 0.463490650495 0.01
179.625799388 4.03049460616 0.677977431869 0.01
180.702841023 3.76551488643 0.198569023516 0.01
183.132456798 -0.787959264404 0.762210767667 0.01
181.116718426 -3.74902712225 0.296731472956 0.01
175.02386624 -0.431063751864 0.125751619166 0.01
175.289392847 0.564951787957 0.684320962944 0.01
181.725748763 -0.442318973263 0.893351109515 0.01
176.707866499 1.2460697633 0.856248182877 0.01
183.559209044 -2.6636683354 0.639787190639 0.01
178.613949974 -1.79539011288 0.73799384929 0.01
182.729459778 0.38307078684 0.00589537916352 0.01
182.106509109 0.536285034765 0.818154110254 0.01
182.493419369 -0.501923902236 0.0432719731325 0.01
177.975573078 -4.19864525463 0.427161538522 0.01
180.523643376 1.22905717294 0.711834230284 0.01
176.201278244 1.47951172808 0.839187853575 0.01
180.182335907 4.90021529056 0.577210375209 0.01
177.177237843 -2.159608813 0.563971702111 0.01
177.962475339 -0.461108277461 0.0506679816568 0.01
176.514963426 3.47041120412 0.9229563917 0.01
179.892129587 -3.05704219569 0.711230176622 0.01
179.431610804 1.38397644762 0.367861276959 0.01
182.422086158 -3.08422093994 0.0162956966161 0.01
179.455489789 4.96770774094 0.313678399129 0.01
183.628441859 -1.34146438068 0.787942317007 0.01
183.856451473 3.08649856728 0.180825280277 0.01
179.451146724 3.69989928521 0.305419057784 0.01
176.724205809 2.60461537727 0.129643406359 0.01
183.890834036 2.8072371078 0.720461695026 0.01
178.414114962 -1.47900539144 0.727436820088 0.01
182.732432261 -1.6439013288 0.374112625248 0.01
180.083749132 -2.38794204041 0.581896038353 0.01
177.952834394 -1.19455811854 0.511246028706 0.01
177.917643579 0.437657956667 0.745249516188 0.01
177.056739376 -3.23439219476 0.165941593511 0.01
184.134835595 -1.46694959377 0.783399897905 0.01
183.686152284 -0.713623283743 0.783852567626 0.01
182.091559496 4.248096598 0.0379826926565 0.01
176.847738684 -1.14370504758 0.839951148044 0.01
178.878412826 2.21236396556 0.416040354686 0.01
183.10476023 0.404940740637 0.509566431825 0.01
183.7917569 -0.389888549123 0.394767529035 0.01
180.755791412 -3.54287923427 0.806593693982 0.01
179.419884483 1.27407409271 0.919885065488 0.01
176.511726363 1.59057332194 0.648000060071 0.01
182.872864749 -0.665594164785 0.307847031339 0.01
182.531361098 4.07256016887 0.970486841922 0.01
176.347315744 -0.815618294136 0.96303694618 0.01
178.741198526 4.69721917204 0.361462784115 0.01
183.783096099 1.20379227905 0.135413807972 0.01
177.902420233 1.82855540279 0.762383203594 0.01
179.159426457 3.88678533897 0.0271223601384 0.01
180.09511498 -2.50329619834 0.388417568153 0.01
178.606351531 -3.93316169249 0.468338852181 0.01
183.829784432 -0.978989658845 0.909229884935 0.01
179.893401323 -3.88638290357 0.268063791272 0.01
180.975667141 3.47697414044 0.889187336832 0.01
178.212398562 -0.833326917963 0.417460986435 0.01
180.794174459 -3.6448182999 0.0457665139541 0.01
181.219360067 0.891668922404 0.817713793458 0.01
175.514185132 -2.16818792898 0.68908186789 0.01
183.029739185 2.39889858169 0.950429346372 0.01
176.540671745 1.77869021542 0.827067496865 0.01
184.107824534 1.32291138465 0.273708699539 0.01
182.463279701 2.33220923282 0.795964589881 0.01
179.346552509 -3.62548801636 0.748401820748 0.01
176.860558532 1.88834771336 0.978031374233 0.01
177.065803133 1.74812774984 0.317396601727 0.01
181.634996988 0.497619928765 0.373311271129 0.01
175.769344003 0.569388379582 0.553989661841 0.01
179.285998907 -4.56915556329 0.428897767461 0.01
175.562270978 1.59147009021 0.39164994776 0.01
176.851965159 -0.165256742755 0.353810446849 0.01
176.004707191 2.40525551998 0.38912112098 0.01
179.024649347 -1.31052328439 0.0266239704897 0.01
181.475238013 -2.23286452481 0.318456712703 0.01
182.934431435 -2.83273205053 0.91607218924 0.01
182.874582402 2.34357341855 0.090904420691 0.01
180.613248659 3.50921929531 0.422306986287 0.01
182.275348919 -3.19938983246 0.262800978622 0.01
180.862170328 1.45462571043 0.416134759062 0.01
181.523303877 -0.199734396513 0.134714530102 0.01
180.409176903 3.17884168557 0.452386008009 0.01
180.667634742 -0.384770330097 0.191701473307 0.01
181.639443466 3.16029196442 0.662816391619 0.01
178.485992502 -0.261165386746 0.501168909372 0.01
183.797255179 -1.71495229056 0.827029686303 0.01
183.795179722 1.3834257122 0.230718855849 0.01
182.891123427 2.28237895727 0.755817575279 0.01
180.555828174 4.3308304397 0.275122514518 0.01
179.681250235 2.52079082147 0.550356653716 0.01
176.456483768 -0.773569024503 0.152619465521 0.01
176.781044237 1.42758915109 0.763640628649 0.01
181.358451397 3.5470749347 0.91802518701 0.01
179.800070373 0.32008873986 0.552614957047 0.01
183.221734723 2.19579015631 0.108735741492 0.01
180.346217176 -3.82237474884 0.357132741399 0.01
176.809617757 -3.11744450995 0.590871568519 0.01
178.582648653 0.372962917198 0.967424515552 0.01
176.666966368 -2.32465712822 0.253664010059 0.01
181.072676483 -3.94422520771 0.283043656943 0.01
181.393640165 -0.101361377144 0.350211747218 0.01
178.939367671 0.175040094133 0.256439472853 0.01
184.369357056 2.07393922487 0.461508724099 0.01
180.999406962 -0.671407330894 0.634837199008 0.01
182.373262227 3.87569636676 0.849630409172 0.01
180.971856453 -4.14051891498 0.0526261291994 0.01
176.837447123 1.68450856932 0.812746061589 0.01
177.624961325 -4.28873213737 0.972259518329 0.01
183.339600484 -1.7311582907 0.699872209079 0.01
176.573378577 -0.396005264285 0.619876025596 0.01
180.479041145 2.51266482513 0.340982541888 0.01
179.325883799 2.97170003854 0.746318951299 0.01
178.189878546 -0.879183682724 0.917669674573 0.01
182.953465048 1.76821957447 0.167187505071 0.01
175.856941909 -0.261222421863 0.854518412422 0.01
184.339617186 2.4361802848 0.1240579606 0.01
179.87224881 -3.56331348744 0.699522157075 0.01
180.433504354 3.96366676488 0.405115626288 0.01
178.161697972 -2.32775097042 0.158583139151 0.01
176.676954342 0.408097928917 0.563326889507 0.01
181.137742199 2.44077991535 0.979929589355 0.01
177.44519051 2.81029929524 0.39014925899 0.01
175.931926036 -1.22800466293 0.0344385451412 0.01
177.219816837 -3.80645292209 0.440370986542 0.01
182.291245493 -3.37014480238 0.0940551292809 0.01
181.740253646 0.734839705792 0.0558862065095 0.01
184.06486565 1.50186332737 0.609474655119 0.01
176.649402099 -1.13012675854 0.609336092802 0.01
177.465646642 1.527408628 0.479093428184 0.01
180.481811168 -0.795308451279 0.793420231144 0.01
183.647690491 -1.84236468848 0.955506942456 0.01
178.63301809 -3.01485088431 0.0721953016594 0.01
180.466819687 -2.21547361198 0.316745299878 0.01
176.089556934 3.0194540299 0.27168489353 0.01
179.372565371 0.536072058659 0.080697154663 0.01
179.365448831 3.72149869867 0.344635043185 0.01
184.757049318 -0.905733977621 0.0511849984889 0.01
180.79752906 1.16294073434 0.570312563455 0.01
180.93255513 0.295464206259 0.853561884759 0.01
176.807367652 -0.146942906556 0.847435294048 0.01
182.244126602 -2.81126786246 0.709119613603 0.01
178.614544879 3.3469642778 0.262904068164 0.01
179.066804836 -1.75664131098 0.952406426152 0.01
182.619630808 -2.18364224419 0.0624649169619 0.01
177.572905202 -0.614330880359 0.409782682846 0.01
178.360122686 3.08359731138 0.53372685767 0.01
